"FlowSOM_metacluster","Population"
16,1
3,2
18,3
6,4
7,5
5,6
13,7
26,8
2,9
17,10
9,11
4,12
1,13
14,14
